5
59
780 312 780 624 156 156 702 390 468 546 390 390 390 312 702 312 780 546 156 624 390 702 156 702 624 234 390 390 624 936 858 390 624 780 936 234 936 702 624 624 936 468 156 468 624 234 312 624 858 468 858 390 156 234 468 624 312 780 624
56
356 534 356 534 623 178 267 623 890 712 356 445 534 178 890 623 712 712 534 623 623 890 979 623 356 356 979 267 890 623 623 534 801 267 445 979 534 979 178 890 623 623 534 534 356 979 445 178 267 623 890 890 712 712 356 801
92
693 198 990 990 990 396 990 396 891 792 693 297 297 297 396 495 495 297 594 594 297 693 792 495 594 594 495 693 297 891 198 198 396 297 891 198 396 396 891 792 891 990 693 495 297 792 495 198 891 495 990 396 396 891 594 792 990 594 693 594 396 495 198 396 594 990 891 594 495 990 495 891 198 990 594 495 198 891 990 693 990 198 990 891 495 891 792 198 297 693 594 693
70
846 564 658 188 846 658 846 564 470 376 376 470 188 470 188 188 564 940 564 940 846 752 564 376 846 846 752 846 658 752 940 752 188 752 846 282 188 470 470 470 564 470 940 658 940 940 940 752 940 282 564 658 658 846 376 940 470 658 282 752 752 658 658 752 846 282 752 188 752 752
92
465 465 186 651 651 279 930 837 744 930 372 372 372 930 930 930 837 372 837 651 186 279 651 279 558 558 372 744 558 930 744 651 465 837 837 279 930 465 930 837 651 744 558 558 186 837 465 930 651 279 465 837 372 186 837 558 279 372 279 372 744 465 930 744 837 837 930 372 744 279 744 372 465 186 372 372 558 279 279 279 465 372 837 930 930 930 930 744 930 558 837 279
